0 0.491508 0.462472 0.038531 0.040222
0 0.626020 0.499549 0.052102 0.053181
0 0.447813 0.457743 0.046500 0.048264
0 0.440617 0.581764 0.052109 0.067083
0 0.595125 0.528715 0.048922 0.060597
0 0.839027 0.618604 0.091758 0.080875
0 0.499820 0.556868 0.065250 0.073042
0 0.353422 0.465382 0.048797 0.066292
0 0.342871 0.543014 0.040086 0.067778
0 0.722699 0.551333 0.064523 0.075944
0 0.532348 0.678743 0.070008 0.113347
0 0.289500 0.596507 0.083188 0.176153
0 0.835043 0.555257 0.078867 0.068903
0 0.971910 0.722667 0.056180 0.091861
0 0.250184 0.521542 0.046555 0.081028
0 0.252020 0.460076 0.039961 0.034264
0 0.242953 0.433625 0.034859 0.029722
0 0.326297 0.420111 0.029000 0.028222
0 0.431770 0.424708 0.031742 0.033750
0 0.370699 0.432514 0.042789 0.037278
0 0.285402 0.404056 0.025789 0.022667
0 0.516000 0.437896 0.046891 0.043125
0 0.207379 0.401500 0.031836 0.023083
0 0.176270 0.392576 0.024492 0.020903
