0 0.251699 0.551090 0.041086 0.049458
0 0.913605 0.577306 0.082945 0.086500
0 0.748547 0.577972 0.070609 0.064361
0 0.322051 0.417250 0.041477 0.034167
0 0.333816 0.486021 0.042555 0.046042
0 0.544289 0.733528 0.073797 0.110306
0 0.737738 0.492535 0.051555 0.051847
0 0.293238 0.778486 0.072430 0.150000
0 0.733816 0.799375 0.117414 0.173139
0 0.432988 0.510049 0.048773 0.068958
0 0.391559 0.637500 0.088148 0.196389
0 0.427988 0.572729 0.041133 0.068958
0 0.371004 0.476188 0.036570 0.040625
0 0.400969 0.417042 0.032500 0.037917
0 0.301063 0.596229 0.042797 0.074347
0 0.897281 0.460250 0.070922 0.064389
0 0.508844 0.566375 0.054641 0.063167
0 0.328020 0.541375 0.038570 0.062972
0 0.292254 0.506646 0.039008 0.062097
0 0.260813 0.410250 0.030734 0.026972
0 0.285066 0.438778 0.050914 0.042917
0 0.212250 0.403167 0.021625 0.019556
