0 0.401004 0.677424 0.060992 0.114903
0 0.369398 0.587653 0.046719 0.076750
0 0.443539 0.502944 0.049437 0.066778
0 0.657918 0.699174 0.088586 0.113542
0 0.308668 0.521285 0.039961 0.057486
0 0.467348 0.438743 0.040352 0.050375
0 0.650879 0.573160 0.051320 0.038792
0 0.628617 0.510549 0.052250 0.047597
0 0.920125 0.651618 0.100234 0.102764
0 0.766156 0.642278 0.077375 0.085111
0 0.498109 0.628722 0.066484 0.102194
0 0.597602 0.826569 0.094047 0.139778
0 0.295090 0.417083 0.028570 0.022500
0 0.185398 0.394118 0.020000 0.015736
0 0.541453 0.502125 0.051813 0.050056
0 0.419297 0.435347 0.038281 0.032917
0 0.880766 0.931986 0.162688 0.136028
0 0.661371 0.966215 0.112492 0.067569
0 0.530676 0.583632 0.053836 0.068625
0 0.541598 0.457674 0.048242 0.035208
0 0.704348 0.505924 0.058820 0.057736
0 0.379098 0.479222 0.041008 0.037306
0 0.376156 0.521479 0.046234 0.054208
0 0.334844 0.483889 0.044922 0.041972
0 0.257266 0.480917 0.037250 0.045528
0 0.250387 0.449118 0.034930 0.034625
0 0.261605 0.416382 0.019680 0.018069
