0 0.736105 0.518403 0.052773 0.050639
0 0.700043 0.537701 0.057023 0.058625
0 0.476270 0.632667 0.059898 0.081889
0 0.256680 0.400194 0.021625 0.021583
0 0.385891 0.483229 0.037172 0.039792
0 0.284531 0.629056 0.059687 0.110500
0 0.231906 0.473785 0.036656 0.029681
0 0.546629 0.584528 0.062289 0.082528
0 0.662395 0.468576 0.044664 0.040736
0 0.517840 0.430972 0.047008 0.042833
0 0.389707 0.446222 0.059695 0.042139
0 0.464660 0.450813 0.039367 0.028208
0 0.462309 0.521847 0.049945 0.053278
0 0.266109 0.415653 0.023516 0.015250
0 0.228746 0.406722 0.022805 0.022639
0 0.298461 0.406069 0.027188 0.024389
0 0.329844 0.542208 0.043906 0.065556
0 0.237023 0.442326 0.033750 0.024958
0 0.271262 0.438035 0.035602 0.024181
0 0.274336 0.465347 0.039109 0.035111
0 0.378758 0.512160 0.044391 0.064069
0 0.324508 0.444042 0.039828 0.047889
0 0.990824 0.642319 0.018023 0.057972
0 0.438078 0.582187 0.048578 0.062819
0 0.623305 0.679708 0.078016 0.101861
0 0.292566 0.503799 0.040148 0.049764
0 0.552844 0.472118 0.052297 0.055625
0 0.262273 0.898542 0.121719 0.191667
0 0.778332 0.642958 0.087617 0.117111
0 0.842543 0.615944 0.072773 0.069472
0 0.616543 0.497646 0.051570 0.059653
