0 0.825617 0.553174 0.072453 0.071042
0 0.765852 0.602361 0.068687 0.075500
0 0.559059 0.775174 0.082117 0.124764
0 0.485961 0.466681 0.033984 0.043111
0 0.555629 0.460847 0.035242 0.038972
0 0.282715 0.652715 0.056102 0.099875
0 0.323359 0.515882 0.047531 0.090819
0 0.502848 0.649896 0.069930 0.107847
0 0.245195 0.468882 0.037844 0.045958
0 0.474445 0.467375 0.056922 0.043306
0 0.234168 0.937049 0.098961 0.125903
0 0.435109 0.948812 0.123937 0.102375
0 0.272133 0.408944 0.026453 0.023944
0 0.305688 0.403507 0.024984 0.020903
0 0.323230 0.418965 0.030039 0.027708
0 0.384301 0.482438 0.042789 0.046347
0 0.615687 0.504257 0.051922 0.048764
0 0.636996 0.483361 0.038695 0.034833
0 0.621813 0.452882 0.046047 0.033958
0 0.970379 0.718569 0.059242 0.099111
0 0.390273 0.432083 0.032109 0.028889
0 0.349492 0.437917 0.028359 0.022222
0 0.835746 0.689382 0.088992 0.084542
