0 0.528711 0.726479 0.068359 0.103097
0 0.184938 0.387951 0.018344 0.021931
0 0.212250 0.409937 0.026562 0.027542
0 0.249945 0.397688 0.026203 0.022597
0 0.265395 0.483028 0.044242 0.055694
0 0.258262 0.552403 0.041430 0.060444
0 0.346664 0.490590 0.047031 0.057042
0 0.374121 0.442382 0.035273 0.030042
0 0.407277 0.435201 0.030180 0.029597
0 0.455629 0.522444 0.049023 0.054417
0 0.431457 0.937528 0.137508 0.124944
0 0.817980 0.927743 0.158961 0.144514
0 0.584375 0.525910 0.049531 0.047069
0 0.455211 0.590764 0.056453 0.078472
0 0.275035 0.600576 0.046836 0.077458
0 0.718422 0.604090 0.064609 0.080347
0 0.850078 0.562396 0.061766 0.079153
0 0.785410 0.561993 0.099039 0.095264
0 0.386320 0.626479 0.060344 0.094069
0 0.482926 0.471910 0.041492 0.029542
0 0.575605 0.480167 0.052039 0.051056
0 0.613719 0.476444 0.036594 0.034639
0 0.306184 0.413299 0.020102 0.019597
0 0.482750 0.459958 0.040453 0.051111
