0 0.598113 0.644264 0.069430 0.088667
0 0.295266 0.467917 0.043938 0.048389
0 0.189340 0.395278 0.025414 0.024278
0 0.859996 0.703639 0.098445 0.099944
0 0.270270 0.842750 0.093039 0.142278
0 0.856770 0.942514 0.114430 0.108250
0 0.828965 0.615146 0.075117 0.068319
0 0.308008 0.526972 0.043828 0.063556
0 0.382117 0.627778 0.050766 0.076111
0 0.567906 0.447632 0.040234 0.032736
0 0.563234 0.488937 0.045625 0.034764
0 0.434238 0.900493 0.105383 0.199014
0 0.346777 0.494417 0.044008 0.049917
0 0.194445 0.479632 0.013438 0.032069
0 0.197016 0.446437 0.015922 0.027431
0 0.180117 0.419438 0.015922 0.023069
0 0.337918 0.426125 0.026508 0.028917
0 0.252160 0.407181 0.028055 0.029722
0 0.985582 0.636264 0.028383 0.087583
0 0.639145 0.561507 0.038602 0.050625
0 0.239656 0.521167 0.040266 0.063167
0 0.668086 0.521965 0.043828 0.044931
0 0.423809 0.421687 0.037070 0.034153
0 0.507133 0.464465 0.040359 0.037986
