0 0.521508 0.653722 0.071312 0.110250
0 0.284801 0.690958 0.060633 0.132806
0 0.340656 0.542938 0.051359 0.061986
0 0.850840 0.694007 0.089523 0.083181
0 0.267227 0.587076 0.047422 0.076542
0 0.700340 0.598917 0.066695 0.071306
0 0.715336 0.513646 0.055375 0.059792
0 0.456187 0.604014 0.051344 0.077194
0 0.774734 0.870417 0.118641 0.148306
0 0.576258 0.483083 0.050875 0.052889
0 0.877773 0.645674 0.082687 0.071264
0 0.366016 0.424792 0.040141 0.047306
0 0.313867 0.415049 0.029781 0.041597
0 0.250098 0.917361 0.098727 0.165278
0 0.674117 0.960903 0.118000 0.078194
0 0.487246 0.433056 0.032789 0.040806
0 0.461176 0.449375 0.026555 0.036139
0 0.445109 0.465986 0.038359 0.041389
0 0.598648 0.463167 0.028094 0.032778
0 0.495277 0.554076 0.051352 0.055403
0 0.422852 0.549785 0.056625 0.063986
0 0.264480 0.484236 0.038695 0.043139
0 0.236445 0.522118 0.035734 0.055958
0 0.230055 0.453056 0.041313 0.041389
0 0.264320 0.398931 0.022047 0.019167
0 0.243012 0.408299 0.027430 0.024819
0 0.409402 0.675194 0.059086 0.113833
0 0.209145 0.402896 0.022102 0.026208
