0 0.499777 0.484035 0.047414 0.047208
0 0.473789 0.424007 0.047047 0.040458
0 0.446668 0.464812 0.041352 0.031708
0 0.378684 0.424701 0.026461 0.023708
0 0.390434 0.441806 0.033023 0.037667
0 0.343703 0.488347 0.046281 0.060028
0 0.331184 0.547701 0.045523 0.058681
0 0.286027 0.632875 0.047039 0.072556
0 0.275824 0.593333 0.043070 0.062972
0 0.314453 0.418007 0.028453 0.022931
0 0.263809 0.413285 0.025039 0.028319
0 0.234598 0.402153 0.030352 0.029000
0 0.189070 0.397431 0.018969 0.019556
0 0.238008 0.522882 0.037937 0.049236
0 0.203281 0.474660 0.040625 0.048569
0 0.239910 0.465215 0.037180 0.040458
0 0.263809 0.450715 0.040977 0.037097
0 0.208609 0.436889 0.040594 0.028333
0 0.169535 0.392035 0.016320 0.018208
0 0.676910 0.580743 0.062211 0.066819
0 0.929129 0.608486 0.083602 0.075306
0 0.397578 0.657521 0.069687 0.137236
0 0.522504 0.693181 0.066523 0.116250
0 0.596523 0.529813 0.038641 0.048931
0 0.610254 0.474090 0.050336 0.051625
0 0.447281 0.573403 0.053781 0.065833
0 0.979398 0.580125 0.041125 0.071694
0 0.936516 0.692208 0.085641 0.076556
0 0.282738 0.782111 0.078508 0.169556
0 0.682719 0.721694 0.086203 0.128083
0 0.811191 0.676153 0.085023 0.082917
0 0.663152 0.476292 0.043758 0.030861
0 0.880625 0.961583 0.133797 0.076833
0 0.676289 0.964007 0.111047 0.071986
0 0.546750 0.585056 0.072859 0.102389
0 0.536953 0.435812 0.036797 0.027653
