0 0.635223 0.557438 0.058961 0.051931
0 0.772852 0.652861 0.078312 0.090583
0 0.265152 0.409653 0.023789 0.022444
0 0.238629 0.410465 0.023055 0.024069
0 0.191695 0.398431 0.017750 0.018861
0 0.238645 0.534424 0.037383 0.045458
0 0.274383 0.491583 0.038031 0.040222
0 0.308320 0.470014 0.040328 0.041389
0 0.429340 0.435097 0.036070 0.038472
0 0.397371 0.447924 0.031805 0.029153
0 0.594281 0.465146 0.036797 0.045181
0 0.378809 0.618486 0.060523 0.100278
0 0.478996 0.614306 0.064633 0.089833
0 0.965617 0.707667 0.064375 0.065278
0 0.556594 0.462778 0.054313 0.052778
0 0.457211 0.949444 0.121609 0.095083
0 0.768801 0.568944 0.067367 0.067306
0 0.608117 0.889674 0.110719 0.182292
0 0.814422 0.519597 0.059906 0.057917
0 0.762918 0.409319 0.037430 0.050444
0 0.326355 0.416861 0.034852 0.035861
0 0.497332 0.481389 0.042758 0.038750
0 0.686523 0.742688 0.090188 0.116347
0 0.271941 0.832722 0.080508 0.161889
0 0.275813 0.707993 0.062688 0.101264
