0 0.283359 0.402979 0.026875 0.022153
0 0.345500 0.432535 0.025906 0.024486
0 0.364516 0.412132 0.024594 0.023319
0 0.709703 0.551840 0.060687 0.062014
0 0.425488 0.563410 0.052336 0.080403
0 0.257699 0.553382 0.041852 0.073792
0 0.651070 0.444938 0.122703 0.080431
0 0.506246 0.426174 0.103836 0.092292
0 0.627398 0.879556 0.118984 0.187361
0 0.472180 0.970590 0.115172 0.058819
0 0.255344 0.945521 0.109297 0.108958
0 0.389926 0.431076 0.034102 0.032069
0 0.821996 0.559021 0.068773 0.055764
0 0.301055 0.650069 0.051656 0.093056
0 0.332496 0.536979 0.043039 0.062375
0 0.778430 0.655236 0.084578 0.071583
0 0.567648 0.498556 0.055547 0.091250
0 0.800590 0.506889 0.063258 0.047667
0 0.682031 0.497563 0.052500 0.052875
0 0.565293 0.478840 0.051898 0.052153
0 0.955594 0.604542 0.060469 0.071000
0 0.214895 0.397062 0.028164 0.026125
0 0.298539 0.421444 0.030375 0.025250
0 0.374520 0.509007 0.045836 0.052236
0 0.322195 0.480257 0.043625 0.034403
0 0.275531 0.490708 0.037563 0.048556
0 0.247418 0.402493 0.027695 0.022264
