0 0.287934 0.501903 0.040555 0.041806
0 0.207656 0.482139 0.042953 0.064111
0 0.218973 0.402569 0.029508 0.023889
0 0.222414 0.427632 0.035078 0.027403
0 0.350344 0.428257 0.038312 0.027653
0 0.560852 0.510090 0.048672 0.048569
0 0.779273 0.545604 0.044672 0.039958
0 0.745027 0.559569 0.055695 0.054778
0 0.396125 0.691528 0.059344 0.093444
0 0.659371 0.514181 0.059820 0.047861
0 0.240484 0.466326 0.041906 0.049708
0 0.502387 0.554028 0.049195 0.056472
0 0.267316 0.539250 0.040164 0.069194
0 0.620637 0.550562 0.052273 0.055542
0 0.866848 0.720812 0.096039 0.097514
0 0.368742 0.512563 0.047047 0.053292
0 0.428680 0.502785 0.044766 0.049903
0 0.441012 0.443097 0.037555 0.034389
0 0.508922 0.448153 0.117984 0.137583
0 0.452324 0.958514 0.120336 0.082972
0 0.733316 0.622035 0.071102 0.062681
